32
-3.14159 1 -0.236554
-2.94159 0.952689 -0.816949
-2.74159 0.789299 -1.4407
-2.54159 0.501159 -1.92455
-2.34159 0.116249 -2.10073
-2.14159 -0.303897 -1.8723
-1.94159 -0.678357 -1.24868
-1.74159 -0.928093 -0.34888
-1.54159 -0.997869 0.629565
-1.34159 -0.871956 1.46654
-1.14159 -0.578648 1.98248
-0.941592 -0.182153 2.08861
-0.741592 0.23557 1.80849
-0.541592 0.597269 1.26462
-0.341592 0.850192 0.635415
-0.141592 0.977275 0.0975823
0.0584077 0.996791 -0.227028
0.258408 0.951386 -0.30277
0.458408 0.890832 -0.180703
0.658408 0.854691 0.0300872
0.858408 0.860709 0.208673
1.05841 0.902443 0.26865
1.25841 0.956173 0.187985
1.45841 0.99377 0.0121176
1.65841 0.996194 -0.169823
1.85841 0.962229 -0.26596
2.05841 0.909037 -0.223671
2.25841 0.864303 -0.0562111
2.45841 0.853061 0.156855
2.65841 0.884432 0.296551
2.85841 0.943742 0.249639
3.05841 0.99367 -0.0441849
