0.5 0 0
0.496057 0.0626666 0.04
0.484292 0.124345 0.08
0.464888 0.184062 0.12
0.438153 0.240877 0.16
0.404509 0.293893 0.2
0.364484 0.342274 0.24
0.318712 0.385257 0.28
0.267913 0.422164 0.32
0.21289 0.452414 0.36
0.154508 0.475528 0.4
0.0936906 0.491144 0.44
0.0313952 0.499013 0.48
-0.0313953 0.499013 0.52
-0.0936907 0.491144 0.56
-0.154509 0.475528 0.6
-0.21289 0.452413 0.64
-0.267913 0.422164 0.68
-0.318712 0.385257 0.72
-0.364484 0.342274 0.76
-0.404509 0.293893 0.8
-0.438153 0.240877 0.84
-0.464888 0.184062 0.88
-0.484292 0.124345 0.92
-0.496057 0.0626665 0.96
-0.5 -4.37114e-08 1
-0.496057 -0.0626667 1.04
-0.484292 -0.124345 1.08
-0.464888 -0.184062 1.12
-0.438153 -0.240877 1.16
-0.404508 -0.293893 1.2
-0.364484 -0.342274 1.24
-0.318712 -0.385257 1.28
-0.267913 -0.422164 1.32
-0.21289 -0.452414 1.36
-0.154508 -0.475528 1.4
-0.0936905 -0.491144 1.44
-0.031395 -0.499013 1.48
0.0313953 -0.499013 1.52
0.0936907 -0.491144 1.56
0.154509 -0.475528 1.6
0.21289 -0.452413 1.64
0.267913 -0.422164 1.68
0.318712 -0.385257 1.72
0.364484 -0.342273 1.76
0.404509 -0.293892 1.8
0.438153 -0.240877 1.84
0.464888 -0.184062 1.88
0.484292 -0.124345 1.92
0.496057 -0.0626666 1.96
